032150220171602201713
036AUD001       5,402028       5,418283       5,434538
124CAD001       5,382451       5,398647       5,414843
203CZK001       0,274850       0,275677       0,276504
208DKK001       0,998705       1,001710       1,004715
348HUF100       2,410233       2,417485       2,424737
392JPY100       6,146472       6,164967       6,183462
578NOK001       0,838139       0,840661       0,843183
752SEK001       0,784684       0,787045       0,789406
756CHF001       6,975547       6,996537       7,017527
826GBP001       8,751081       8,777413       8,803745
840USD001       7,037687       7,058864       7,080041
978EUR001       7,426167       7,448513       7,470859
985PLN001       1,726333       1,731528       1,736723